100000035293	100000035371	100000035379	100000035431	100000035437	100000035449	100000035511	100000035517	100000035533	100000035539
100000035547	100000035593	100000035617	100000035623	100000035659	100000035661	100000035677	100000035721	100000035757	100000035769
100000035781	100000035787	100000035803	100000035869	100000035887	100000035899	100000035907	100000035913	100000035923	100000035959
100000035979	100000035997	100000036009	100000036043	100000036063	100000036099	100000036109	100000036159	100000036211	100000036223
100000036237	100000036259	100000036289	100000036291	100000036307	100000036351	100000036361	100000036369	100000036391	100000036427
100000036429	100000036463	100000036469	100000036541	100000036573	100000036583	100000036639	100000036651	100000036681	100000036727
100000036769	100000036783	100000036811	100000036813	100000036817	100000036831	100000036837	100000036841	100000036859	100000036867
100000036889	100000036901	100000036907	100000036951	100000036993	100000036999	100000037021	100000037029	100000037041	100000037069
100000037099	100000037107	100000037113	100000037143	100000037231	100000037251	100000037297	100000037299	100000037317	100000037323
100000037369	100000037387	100000037413	100000037441	100000037443	100000037479	100000037513	100000037551	100000037563	100000037593
100000037597	100000037647	100000037651	100000037693	100000037717	100000037743	100000037747	100000037749	100000037773	100000037779
100000037783	100000037807	100000037861	100000037867	100000037869	100000037897	100000037933	100000037947	100000037971	100000037981
100000037999	100000038007	100000038011	100000038013	100000038029	100000038053	100000038067	100000038091	100000038113	100000038139
100000038241	100000038293	100000038311	100000038329	100000038331	100000038367	100000038389	100000038419	100000038469	100000038511
100000038617	100000038667	100000038683	100000038701	100000038739	100000038773	100000038799	100000038823	100000038907	100000038913
100000038923	100000038937	100000038953	100000038977	100000039021	100000039037	100000039039	100000039049	100000039067	100000039081
100000039093	100000039109	100000039121	100000039127	100000039133	100000039151	100000039163	100000039211	100000039219	100000039253
100000039261	100000039291	100000039343	100000039393	100000039417	100000039427	100000039429	100000039463	100000039483	100000039523
100000039609	100000039621	100000039627	100000039681	100000039687	100000039697	100000039747	100000039771	100000039813	100000039877
100000039921	100000039961	100000039967	100000039969	100000039973	100000039987	100000040027	100000040039	100000040053	100000040081
100000040087	100000040131	100000040137	100000040191	100000040201	100000040207	100000040213	100000040263	100000040269	100000040363
100000040417	100000040443	100000040461	100000040473	100000040479	100000040521	100000040561	100000040597	100000040599	100000040603
100000040639	100000040677	100000040681	100000040689	100000040731	100000040747	100000040773	100000040783	100000040807	100000040813
100000040857	100000040879	100000040887	100000040909	100000040953	100000040957	100000040989	100000040999	100000041049	100000041067
100000041077	100000041107	100000041133	100000041151	100000041161	100000041199	100000041203	100000041233	100000041269	100000041301
100000041343	100000041347	100000041461	100000041487	100000041509	100000041517	100000041527	100000041541	100000041563	100000041593
100000041619	100000041623	100000041637	100000041643	100000041697	100000041719	100000041829	100000041833	100000041859	100000041923
100000041937	100000041943	100000041959	100000041971	100000041983	100000042001	100000042003	100000042007	100000042027	100000042061
100000042063	100000042067	100000042073	100000042187	100000042199	100000042213	100000042243	100000042249	100000042267	100000042313
100000042319	100000042333	100000042349	100000042357	100000042393	100000042411	100000042427	100000042433	100000042511	100000042529
100000042573	100000042579	100000042591	100000042619	100000042631	100000042651	100000042669	100000042673	100000042693	100000042757
100000042771	100000042811	100000042859	100000042913	100000042957	100000042963	100000042979	100000042981	100000043069	100000043113
100000043123	100000043197	100000043239	100000043261	100000043263	100000043281	100000043291	100000043293	100000043309	100000043323
100000043369	100000043371	100000043383	100000043417	100000043431	100000043461	100000043489	100000043497	100000043503	100000043513
100000043537	100000043579	100000043593	100000043617	100000043651	100000043723	100000043761	100000043771	100000043777	100000043797
100000043821	100000043837	100000043861	100000043867	100000043879	100000043917	100000043921	100000043929	100000044007	100000044037
100000044119	100000044149	100000044173	100000044239	100000044247	100000044283	100000044289	100000044293	100000044377	100000044379
100000044439	100000044467	100000044481	100000044491	100000044499	100000044511	100000044527	100000044569	100000044577	100000044587
100000044631	100000044679	100000044691	100000044701	100000044709	100000044719	100000044737	100000044757	100000044761	100000044773
100000044779	100000044797	100000044829	100000044839	100000044841	100000044853	100000044899	100000044901	100000044961	100000045001
100000045007	100000045009	100000045043	100000045109	100000045177	100000045193	100000045261	100000045279	100000045291	100000045297
100000045337	100000045363	100000045399	100000045417	100000045423	100000045451	100000045553	100000045559	100000045571	100000045609
100000045661	100000045703	100000045753	100000045777	100000045781	100000045811	100000045841	100000045853	100000045879	100000045969
100000045979	100000045997	100000046011	100000046053	100000046077	100000046129	100000046147	100000046173	100000046189	100000046207
100000046219	100000046249	100000046269	100000046287	100000046353	100000046389	100000046459	100000046501	100000046533	100000046551
100000046579	100000046623	100000046651	100000046677	100000046693	100000046767	100000046777	100000046789	100000046801	100000046807
100000046911	100000046929	100000046957	100000046959	100000046981	100000046989	100000047031	100000047041	100000047067	100000047083
100000047167	100000047193	100000047317	100000047347	100000047383	100000047403	100000047421	100000047431	100000047439	100000047487
100000047517	100000047533	100000047557	100000047577	100000047601	100000047671	100000047739	100000047743	100000047751	100000047757
100000047781	100000047803	100000047811	100000047863	100000047883	100000047893	100000047911	100000047929	100000047947	100000047949
100000048009	100000048021	100000048081	100000048087	100000048091	100000048103	100000048139	100000048171	100000048229	100000048237
100000048271	100000048289	100000048339	100000048349	100000048373	100000048397	100000048409	100000048427	100000048501	100000048517
100000048597	100000048639	100000048693	100000048697	100000048699	100000048727	100000048741	100000048831	100000048867	100000048871
100000048877	100000048909	100000048927	100000048931	100000048937	100000048943	100000048969	100000048997	100000049003	100000049011
100000049057	100000049069	100000049099	100000049119	100000049143	100000049173	100000049183	100000049213	100000049249	100000049257
100000049339	100000049341	100000049363	100000049371	100000049381	100000049393	100000049503	100000049537	100000049573	100000049629
100000049651	100000049683	100000049717	100000049753	100000049839	100000049843	100000049873	100000049917	100000049927	100000049971
100000049987	100000049993	100000050043	100000050067	100000050071	100000050107	100000050151	100000050169	100000050217	100000050251
100000050281	100000050299	100000050347	100000050349	100000050401	100000050407	100000050413	100000050433	100000050457	100000050481
100000050499	100000050517	100000050533	100000050569	100000050587	100000050617	100000050637	100000050727	100000050769	100000050781
